3
200,200,200
200,200,200
0,0,255
16
2, 2, 2, 2, 2, 2, 2, 2, 2, 2, 2, 2, 2, 2, 2, 2
2, 0, 1, 0, 0, 0, 1, 0, 0, 0, 1, 1, 0, 0, 0, 2
2, 0, 1, 0, 1, 0, 0, 0, 1, 0, 0, 0, 1, 1, 0, 2
2, 0, 1, 0, 1, 1, 0, 1, 1, 0, 1, 1, 0, 1, 0, 2
2, 0, 0, 0, 0, 1, 0, 0, 1, 0, 0, 0, 0, 0, 0, 2
2, 0, 1, 1, 1, 1, 1, 1, 1, 1, 1, 1, 0, 1, 1, 2
2, 0, 0, 0, 0, 1, 0, 0, 0, 1, 0, 1, 0, 0, 1, 2
2, 1, 1, 0, 1, 1, 0, 1, 0, 1, 0, 1, 1, 1, 1, 2
2, 0, 0, 0, 0, 0, 0, 1, 0, 0, 0, 0, 0, 0, 0, 2
2, 0, 1, 0, 1, 0, 1, 1, 1, 1, 0, 1, 1, 1, 0, 2
2, 0, 0, 0, 1, 0, 0, 1, 0, 0, 0, 1, 0, 0, 0, 2
2, 1, 0, 1, 0, 1, 0, 1, 0, 1, 0, 1, 0, 1, 1, 2
2, 1, 0, 1, 0, 0, 0, 1, 0, 1, 1, 1, 0, 0, 0, 2
2, 0, 0, 0, 1, 1, 0, 1, 0, 1, 0, 1, 0, 1, 0, 2
2, 0, 1, 0, 0, 0, 0, 1, 0, 0, 0, 1, 0, 1, 0, 2
2, 2, 2, 2, 2, 2, 2, 2, 2, 2, 2, 2, 2, 2, 3, 2
2,2
90
